010111011011111 111010101111100 101111111111001 111111111001111 110100000000011 111100011011111 111011100000101 111100010011111 111111111111101 111111111011010 101111111111111 100111101011101 101110010001111 101100000000100 011100000101111 111100000001011 111011111111111 111111101111111 001111010110111 001110111001111
110110001111111 111100101101111 101001111101101 111101101111110 111100000101110 111100000001111 011100000001110 110100001000111 100000001001110 011101010001111 111001000011011 101101110011101 111100000101011 011100001001111 011100000101111 111100010001101 011111111110111 111101110111111 111111010101111 111011111111110
111111111110111 111111111101111 110100101011011 011111100011101 111100110001000 010100000011011 101100101010101 111110010000010 111111101101011 111111111110111 111110101011110 010111111111110 111101000000011 111101000001111 111100000000101 101110010100001 111101110111111 101111111111011 111111001111111 111101000110110
111111011111111 111001111111111 011111111111000 111110111111111 100100000000000 110110010011011 111000000010000 011101010000000 111100101001011 111111110111111 111111110101111 010110110010110 100000100001111 100001010011111 010010000001111 001000011111111 101111011111011 011111111110111 111101111111110 111101010001111
101100011111111 110011011111111 011110101101011 011001100111111 111000000100000 101101000100010 111100011101100 111110001000001 111101011001001 111011101111110 010001110010110 101111111111110 000001000111111 100010001011111 001000000111111 111000001001111 011111011110111 101110111111111 111101110111110 111111011111111
011110111010110 111111101111001 110110111101111 011111111111111 000000000001111 000000001111101 000000001101100 100100110111000 000010110100001 001101111100000 100001101000000 000011111000000 111110110000000 011111000000011 101000000000001 111110010000000 111111111111111 011111111101101 111110111111011 101011110111111
110011110010111 100111111101111 111111111111111 111111110111111 111110010011101 001110000011100 111100010011011 010100100000100 111111111100111 111111011111111 101101111111111 110110111111101 111100111001010 111111000001111 111110000001111 110100000001111 110101111111111 111111100100111 111011101000111 111011111111000
111111111111101 100111111111111 101111111111110 111111101011100 000100000010101 001000000110010 000000001110110 000000011101000 000000111011010 000100101100110 000001111000000 011111110000110 101111001010000 011111101000100 111110001001100 001110000001011 100001111011110 111111111101101 111111110011011 101111001111111
101110011101111 111001111010011 111111111111110 010110101101111 101100011001101 111110000001001 111000011001001 111100000011111 111110111110101 110011111111111 111101111101111 111011110001001 110110001001111 111100000011011 011100010001011 110101100000110 111011011111010 100011111111011 110010101111101 111111010101111
100111110011111 111111111111111 011011111111010 111111111111110 110100010010000 111100000001100 001100000000110 001111000011001 111101001000000 011111111111110 101110011110111 011101101111111 000001010001011 001010001010111 000000001011111 000011000010101 100111111110111 111111111111101 111111111111110 010101111010110
101111110100110 111110011111011 111111010010110 111111011111011 111110101001001 111001110001011 011101000011111 001100010001111 101111111110011 111011111101111 111110111111101 111101111111111 101101000001111 111100000100111 101100000011101 111100001101111 011111111111111 111111011100111 111110101001111 111110111101110
111111111111100 001110111111110 111111111110101 111111111010101 111100000001111 111110100100111 101110000001101 111110001001111 110100100001111 111100010101111 111100000101111 111100000101011 111001000001011 011100000001111 111100100000111 111000000101111 111111011011111 111110010101111 011010011111111 111111110111110
101110111111111 011111111111110 111101011111011 011110010101111 111100000111100 100100000001111 111100000000111 111000010011011 101110100011111 100110000111011 111101000001111 011010000001111 111110000101111 111000010001101 110100001001110 111000000101110 011111111111011 111110111011111 111011010111111 101111111011111
111111110111111 110011101011110 111111111010111 101111111111011 111100001011011 111100011001101 011100000001111 101000000011111 111011111111111 111101011111111 111010111111010 111110111111110 011100001011011 001001100001110 110100000011111 111110010101111 111111110111110 111111111101111 111111111111101 111111111111011
111110110111110 111110111111101 111100111111111 111111000111100 001100000001111 110101100001101 000100100011111 101100000010100 111111111101111 111101111001111 111101111011111 111111111111111 111000100000111 011000000001101 111110100001101 111001011101111 111011101101101 001001111011111 111001111111111 111110111111101
110010011110111 101110111101001 110111101111011 101110011110111 000010101010101 000000000011110 010000101111100 100110110111000 000010111110010 010011111100000 100111101100000 000111110000000 011111110000000 011010000000000 110110001100000 101010011000100 010110111001101 111101011111011 001111111101111 100111111101100
111011001111010 011111111110111 111111110111101 110111111011111 111101000001111 011101001001101 111100000111001 101110100001111 111101111101111 111001111111111 111111010111111 100101111111111 111100111011111 011110011001111 111111011010110 111001100111100 111101111111111 110111110111011 100111111111110 111111111111101
111111111000111 000111110111111 111110110111111 110110110111000 101000001000100 100110010000000 011100001000001 011000000011000 111100001000000 011111001111111 111111010111111 111111111111111 100100000100011 000000100010111 000000000011110 100000101011111 101101110101111 111011110111001 110111111101011 111111110111101
111111111110111 001001011111111 111101111111101 111111111110110 111110000010111 111100000101111 100010001101111 111100000001111 111110110100111 101111111011110 111111111110001 111111111101111 111100001001111 001000000001111 100101001111111 111111000000111 001111111111101 111111110101111 001100111101101 101111011111011
111111111111111 101110111100111 101111101111111 100011011111111 011100000100101 111100001101011 011100100001111 101010011011111 011111111111111 111011111110110 110110111111111 111111011111110 010100000001110 111101000001111 101101000000110 101110111101101 010100111111111 011011101110010 111111101111111 110101011011111
111011111111101 110110011111101 111011010011001 111111110111011 011110100000100 111100000000000 101111100110100 010100000001111 110100000010000 001111111111111 001101110011111 101011101101111 000001001011110 000100001010000 010000101010110 101100000111101 011111101111011 110010101111111 111111111111111 011011111101011
111111101100111 111110111111101 010110111111110 010011111110111 111010100001111 111100000000101 111100000010111 011101010100111 110100110001001 010000000001111 110100000011011 111101000001101 111100100001101 011000000000101 111100100001111 111110000001111 111111010001011 111111110110111 111011111111110 010111111100110
111011011101111 001111111000100 011111111111011 111111111111111 111100001000100 010100000100010 011101000000000 111000010000001 111100000000000 111110111111101 111011111010111 111111111000110 011001101010111 110000000111101 000000011110111 000100010011111 111111111100101 111101110111001 111111110011111 111001111101101
001101111111111 111011100110110 101011111111111 111100011111100 101100000111111 111101000011111 111100001001110 111100100000101 010101000101111 111100100001111 010101110001111 111100010001111 110100000001111 000101000001111 011101000001110 011000000001011 111111010111111 111111111111011 111110111101110 110101011100111
111111111111010 111101111001101 111111111110011 111110111101111 100000000010111 001000000111110 001010001111100 100100010111001 000000111010000 000101110100000 000011111110000 011110110000011 011111001101010 011001000000001 111111000000001 011011000010010 110001111111111 111111011001101 111110011111010 111111111011100
010001111110111 111111111111111 111101101001111 111011111111011 000100011011111 000000011111110 000000001111101 000000011101110 000000111110001 010101011100010 000011111100000 100110100000100 001111100001000 011110000000001 111010011000100 011101000000110 110110101001111 111111011100111 010111110100111 111110101111111
010111110101110 111111111110100 110111010111111 111111111101110 101000000011111 101110001001101 111100000101101 111001000011011 111111011010110 111110011111111 010111111101011 011110111101010 111110101001110 101100110011000 111100000110010 111100000000000 111101000100000 010101000001000 101100100000101 111110110010000
111111110001111 111111110111001 101111110111110 001011101111100 111100000001111 111110000001101 111000001010111 111000000001111 111010011111111 011101011100111 100111111111110 101111011011011 011100000100010 111101000000000 110100000000000 111011000000000 100110110100100 111100000010000 111100100000010 010011000010000
111110110110011 010111101111111 110111011111111 111110101101111 011100100011111 011101101101111 111000011001101 110100001011111 000011110011011 111111011011111 111111110110111 011111100101101 111100000100010 101100000000000 100100000100000 110110001010101 011101001000000 101100000000100 110110000000001 011101010000000
111111111110110 111111011110111 110010111111011 011101101111111 111100100111111 110100000001101 110101011011111 110100000001111 011110111011111 001110011111011 111111101110111 111101011111011 111101000010000 110100000100000 111101100100100 110100100001000 111000100000010 011100000101010 011101010001100 011100001100011
111111101011100 111110111100111 101111111111110 011111110101111 101100000000111 110100010001111 111101100000010 110111010100100 111100011001101 111100000001011 011100000001111 111000000001111 110100100011011 011010011001011 110100000001111 100100000001011 011111111111111 001111111110110 011111001001111 110111111110110
111111111111101 101111111110111 111111111111011 111110010111001 111101000001100 110100000100111 111100100000111 110100000001111 001101000111011 111111110101111 111111111111111 011001101000111 111100100011011 111100000000000 111101000100100 111110000010010 111100001000000 111100010010000 110010100000001 111100100100000
010111111010111 011111110011111 111101111101101 111001010100001 111101000001101 011100000000110 111100000011111 101100000000111 101111101011011 111110111100111 111110110110111 111011111110011 101100001001001 111110100000111 111110000001000 111000000000100 111001000000000 011100000000010 100100000000000 111110000010101
011101111111111 111110111011111 101100011101111 111111101111011 111100000000010 110111000000000 111000001000101 000111001100100 101010000010000 101111111011111 011101101111111 111111111110111 000000010010111 000000100011111 110010010011101 100010100010111 110111111101110 111111101100101 100011011011111 111110101101110
010111111111011 111101111111110 011111111111111 110111000101111 110100000100011 111111000110000 011100000010000 111100000010000 001100000000111 111011111111111 111010101111101 101101111110110 000110010111111 010000000111111 000000001111111 010010001011100 111111111111111 111101011111100 111111100101111 100110011111110
111101111111101 111111111101111 010101111111111 100111111110111 111100001101110 111101000001111 111100001001011 111100010011101 001111111011110 011111010111111 111111111010111 111111111011111 101100000000000 111100010001010 111100000010000 111100010001010 111010000000000 110100000010011 101100010000000 110100000001001
111111111011111 111110111111011 111111101111110 111101100111111 100000011000000 101100100001000 011100010010000 011110000000000 101101100000000 100111111111111 101111111000111 110010100101111 000010100011111 000100001010111 100000010011011 000000000011110 111011111111111 111111000110110 111100111111110 111111100111111
111111011110111 111111111111001 100111111101010 110111101111111 010010110111110 000001010111110 010000101111100 000000010110000 000000111110000 001001101110010 000001111000110 000011111000000 011011110001010 010101000000000 100000010000000 111111000000100 111001110111111 000101001111111 111111101011111 111110111111111
111111111111011 111101111111101 111111110101111 100110100101111 101100001000111 110110000001101 101000010101111 011000010001010 100100101101111 111000100001111 110110000001101 111110000001111 110101000001011 111101000001100 110000000010110 110100100001101 111111111110111 100110101111110 110111111111111 111111111111111
110101101101011 111110101110111 101111111100011 111111101101111 100101000101010 111101000100011 011110110011111 011100000001111 100010100001101 011100000000101 110000000001111 111100001011111 111100000001010 111100000100011 111100000101111 111100111001111 101100010111101 101111100111111 111010111110111 110111011111111
101011111111110 011111111011011 111111110111111 111111011111101 001000001011011 000000000111110 000010001111100 011100011111010 000000011110000 010001111100000 100011111000000 001111110111000 001111100100000 110101101000100 111011110010000 011010000100101 010110111001111 111011111010011 111101111110011 111100111111111
101101010111111 111100101011011 101101101111011 111011100111101 111100001001111 111100010001110 111100000111111 111100000001011 111001111111111 111111101111111 111010011111011 111010111101011 111111000001000 011100010000100 110110000000101 111100000000000 011110110000000 111100000000100 111000000000000 101001001001000
111111100111111 111100111111011 111111100111111 101111011111111 000000000011111 100100100011110 010001001110000 000100011110000 000000101110000 110000111000111 100011111000001 001111000000010 001111100010100 010111000010001 111110000111001 101010000000100 100111101011011 101111111010111 111110111111111 111101101111011
111111011011101 111111111111111 011001111111111 001011110111111 110100000001111 111100000001101 111000000001111 011100100011010 011000000100101 101101100000111 111110000101111 111111000111111 111100000101100 111110000001110 111000001011101 111100100001011 110111101111110 111110111111101 011110111111001 010011111101111
110100111110111 111111110111101 110011111011111 101111111111011 101100010010001 100100100000001 101100000000100 111100000000110 111100001000000 101100110111111 111110110110101 101111100111111 011000000011111 100110010111011 000000011111111 000001100110111 110111111101001 111111111110011 111111011110111 111110101111111
111101111111111 111101101110110 111111111111010 110111111111110 001101001011111 001000011101011 000000000010001 001000011111100 010000101100100 000001111100001 000011101000000 000111000000000 001011000000100 111110001000010 111100000000000 111111100001000 111110101101111 111111111111111 111101111101110 010110110011110
011101111101100 010111101111110 100101111111111 111011111111011 111100010001111 111000010001111 110111011011111 110110000000101 111011101011111 111011101011111 010111111110111 011110111011111 111000001010010 011000000000000 111100000000000 111101000100000 111100000001000 000100010000000 111100100000010 101110010000101
111111111111111 111011011001000 111110101111111 111001010011111 111100100001101 111110010001111 111010000101111 111100111001101 111110001000111 111101100101101 111110000001111 101110001000111 011100000101011 011101101000111 011100011011011 111100000010111 111011011111101 111111001111111 101111101111111 111110011111000
011111011111101 110111111111111 101010100111111 101101111111111 000000000001011 000110000111110 010001001111100 010001001110000 000001001100010 000001001101110 000011110001000 000111110100100 100111000000011 011111101100000 110110000000100 011111001011001 110101101111010 011101111111111 001111111111101 111110111011110
111111101110011 111111011111110 011111000111000 001101111111101 111101101000111 111100000001111 010100000101111 111101110111111 110110011101111 111011111001111 011111111101111 001110110111111 111100000001000 101100010000000 101100010000110 001100100101100 111000001001000 111100001101000 110101100000010 101000000000010