001111101010000 000110111010100 111111111011110 010011000101100 101100111011100 100001111011100 010000100101100 000000110101101 001000010111100 011011011111010 101100010111000 010101001110101 000001001111001 000000001001110 101111000010110 001011001001110 001111100011010 111101011111101 111110101111110 101111001010010
000011111110011 001110010111110 010111111011100 011100010010110 101110000001000 010010100011100 011011010001101 000000011000101 100001011110000 011000011100001 000001101010110 001010101110110 100100000000111 100010000001110 101110011101111 011110101110110 010100000101111 001110011111100 000001101101010 101100110111100
100111111100100 000111111101100 110110111110111 111110001000100 101000000011101 000010001111001 000100100011001 000000011111111 000100101101100 001110101100100 001100111010000 000001001101000 011000000011010 010000000011110 000110101111110 011010010001100 000111101111111 101111001011100 011111111111000 011010101111100
001011111110000 101011110111000 000111101110100 111100000011000 111100010011100 000100010011000 000100010011000 101001100111000 100000101101000 100001011110000 111001001010100 001000100111110 001100001011110 000010011001010 000010111011110 010010000100100 001110100111110 101111011111100 001100101011010 101111111000001
010100010110100 111110110101000 111011100100010 011010001101100 000111111100100 111110001011110 010100000011111 001000000010100 000011001001110 010011011100101 100001111010010 000000111010010 010000010001000 101111000011101 101010111010000 010100000100100 100101011001011 111100000010011 001010111111101 111111101001101
010110011111100 001111101101100 101101001010000 011010000100110 001000000011000 000000011101001 111000110110100 001001011011110 110010001101100 000111011110000 101011111010100 000010111000010 000111100100110 010101010000101 101111001011100 101110001000011 101101110010101 001100100011111 001011111100010 101110011101101
101001001011110 111111101110000 010000010011100 111100001010100 001110111001100 000000000110001 101000100001110 010000000111000 001010001011010 001000011110110 000001011101001 010011111011000 000011010100000 110101100001100 101011100011100 011110010101000 000110011011100 011000110001010 000000110011110 001111111001100
000000010011001 001000110011101 001000011111110 011001111111000 100110011111001 000001110101000 011110110011000 010110110111101 000001001001000 001110000101000 000110001101000 011100101110101 011000000111100 010010110110100 010010111101110 010110100111001 010010101110101 000110001110100 001010001001011 001000001111001
000011110110100 101111100001110 011111101111001 011110111111111 011110001011101 110000001111100 111100000110100 001001001111100 100001001111100 000000110010000 011010010010010 010010101111101 010010000000110 000100101101000 011110011001111 011000100001110 011110000101111 101000011111100 111111011011111 100110110010000
100010011111010 010100000110101 010110001101100 110001110101000 001000110011000 000110010111001 101110100101011 110110100111110 011111011110100 011110101110000 001001010111010 010001100011101 011100001000111 010011000001010 011111010011001 101111111010010 001011111101001 000001000101010 010010000111110 000001000111000
010100001001000 001010111000001 100010111100000 011100111000110 001110110110010 001101111101100 001001100100010 001001011100000 010010001100010 000011110100011 100101110100000 000110001100000 100000101101010 000000000100110 010000101000000 001000000100000 100000101100100 010010101001000 101101101011110 110001101111000
000111111111100 011010111001000 011100110101101 111110001111100 000100000011100 010100010111110 000011100010000 000000011001100 011110010111001 001011000000001 000000101100000 001001101001001 100000110001000 001100001001110 000111000110010 011110110000010 111101011100000 111110000011100 111101001111101 010110100110011
101010110110100 000111011110100 010111110111100 001001011001100 001100000010110 101010000001110 000000000011100 001010100011101 100010011001110 000000000101101 000000111100000 101001111001010 000111110001111 000010101010000 001111000010000 011110010000000 001110000110000 001110001101110 110111111000000 011111111111100
000001001001100 010001001101000 011011111011000 100101111000000 101011001110100 100110111100001 110010111101000 011000110100100 000001101000010 010001001100010 000000101111000 000110011100001 011010101110000 110111111101000 101000100000001 000100111100010 101011111100000 000000110011000 001110111111100 000111111110000
000111100100101 001110101110001 011111001100100 001110100111110 011011001110100 010100010010110 001010000011101 000000000101000 101001101111100 000100111111011 110000101011100 000000110001000 000010000110011 001011101110110 001001100100100 111000001001000 011100010100101 011100010010000 010111011011000 011011111101011
110010011111010 000000111101100 000111110101011 011100111110010 100111011111000 000010100110100 000101101111100 110111101111000 001110001110000 011111000101110 011100001111010 001110010100000 000100000111011 111101000111010 000101100111100 100111110011110 001101011111110 010001010101100 010010000111101 101000000010100
100101111110010 101111110110000 011101101110011 011010010011100 001000101011110 000011000111101 001001011011100 000100000001100 000000000110000 000000111100000 001000011001000 000100000111010 010000010011110 000011010111001 001000010001000 010100100001110 010000000001000 010101111111100 011011110001010 011101110100101
000011111111100 000111111111011 111111110110100 111001010111101 001101000001110 001000100001100 001100010010101 010000110011100 000000001111000 001001001111001 101000100100000 000001111100100 000001000100000 010000110100001 111011011000100 011100000000100 011111100011110 011100101011101 011101111101000 001011111011100
001100111100000 000001111110000 001011100100011 000101111001010 001111110010000 001101111111010 001001110101000 001000100010000 000101111110000 110001001100100 100100011100100 001010101100000 000101110100010 000000110100000 100001100000100 010110010100011 010000001010010 001000101110000 000111111110111 001000111111100
000110111010000 001011111111110 001010111101101 000100110100111 001001000100100 000000001000100 100110100011101 000000110111100 110111110110101 100000101000100 001100101111000 100000100011011 000010110011010 010001101000110 000110001011110 011100101010110 000010000100110 010101111111001 010100111010011 001111111110010
000111110110110 001111001111000 011011110100000 010110000010100 000001100111101 111000110101001 010000001101101 010001000111110 011000000110101 000001111110001 000001111110000 101010001110100 011010000001100 000000110101010 011000110000010 111111010011111 000010001011011 011100100110100 011101111010000 000100011010100
110111101111000 001111111111000 010110111111010 101110001111100 001101010011000 011100001101010 010000100010100 101000000100000 000000111111000 110110111100000 101000001111111 001011110110110 110110010001111 000001010011111 001110110001100 111010010001001 011110101011110 000110111111110 001110110110000 110111111111000
011000111000000 001110110101001 000000011101011 000100001111100 000001111011100 000011111101000 001101101111000 100101100011000 100010011111001 101111000011001 111101000111000 000101000010011 000100011100011 011110000001000 011110111111100 001111110001111 111010111100110 000010010111000 010100100111100 010000000111000
000011101100100 000000011001011 100010011111000 011110000100001 101111111000000 010110100100110 100100111000000 000001110110001 010010000100000 000010001101100 100011101100110 010010011100100 010000001101011 111000011110010 001110101110000 000110101000101 101110110111101 000001101110000 000111101111001 000111101111100
000011001111100 000010101001101 100000111111000 001011011001000 010100110011000 000001010111100 011011111111000 000111001011000 000101011000000 101111110010000 001111100110000 011110110100000 111100010111101 011100100111001 011111111111100 011110111101010 001110011101010 100010000001010 100000100101010 000101000111010
000110011001010 000000111111000 010110111111010 111011111100000 000001110011000 000111110101001 011101100111000 000111101111110 100111000001000 000100111100101 001110100101000 011110010011000 011001111011110 011100001111000 111111101011000 000010011010110 001101011011011 000010001000100 000001000111000 010001110111111
010000111111000 010000110111100 010110011111001 100001111001010 110100111111001 001010111101011 100011101010000 010111000111011 001000000101100 100010000011011 001011001111100 101110000111001 001100010100000 010010100110010 011111110010110 111000111111010 110101101001000 010101100111101 000001100111111 100100110010100
000010101100001 010011101000010 100111111001010 010101110000100 010100010100000 001011010100001 011110001000010 101001101100000 000001111011100 001101110011100 010001011101000 101001110100000 110100111110000 001010111100011 001000111101010 000000111010000 010100101000000 010101001100000 000111111101111 101111011011000
100000111110101 101010111110000 110101011100000 000111101100000 000111111101000 011011111001100 001001111101011 100011110101000 000001001000000 101001101100000 010100101010001 100000010000100 010110100000000 001100111000001 000000011100010 100000100000000 100101110100000 111000110111110 000011111011100 010111100110000
010000010110011 100001110100001 000111001100000 000101110110010 001001101100000 000110111111001 101110011100001 011000011100000 100011110000000 100101001110000 000000010000000 001001011100111 100001001101111 000100110100000 101000111000010 010010101100000 000001000100010 110001011010010 010110011111110 100111000111100
111000100011000 001001000010011 100111111100011 000110101100110 011011011000000 001110111111101 100000111101010 000101101000010 011010111000001 101000111111001 000001010100000 010000111111000 000000011111010 101000101100000 100100100110100 000100011010100 001100010100011 010001110100010 100111011011111 010111101101100
000110111000010 101111111010000 001100001011100 010111000111110 011100000010000 011000100101100 001110111011110 010000010110111 110001111111000 000000000100010 000000010101001 000001011000000 000001000000000 010111101001000 000111100000111 111010100001000 001101010001100 011101100010100 010111110111001 010110110011111
010010110011000 000100111110100 010011001010001 000101011000100 111011010000000 001110011000010 000100100101000 101000111110111 010110111110000 100100011011000 000000111111000 010110111110010 100000110000000 000001110000000 101010111000000 111010101100000 011110011110001 000011111100000 100111011001111 101001001101101
101011111110001 110001111011111 011000010111100 111111101111100 101110011100000 000010101111000 001011000011100 100000100001100 010000101111101 000010111101000 100000101000010 100011101110000 001011110010001 100010001000100 001110100100001 111110100000101 011100000011010 011110000011100 111111110110100 111110001110100
000110111000100 101101111100011 001001111110000 011011111100110 111111111100100 010110110000000 000111111100000 100010111000100 110100001100010 000000101100011 011110010110100 010001011001010 010011101101000 101110111010000 001100111111010 100010110001001 001101100000000 010100001100111 001111011111000 100111111111110
010010110111000 010000100111101 000000011110100 000001110100000 100000001011000 000011010001001 000101110111101 001001100111101 000111001010000 111111010110001 011011111111010 011110000101000 010101000111010 010100000111000 001011100111110 110011000101011 111011111110101 000110000110010 010100001010001 000111011011000
000000011110100 010110000110010 001000110101010 011011111101101 100101110101010 111010011100000 100111000111000 000110100100000 010011010101000 001011000011000 101100100100011 011000100011001 101110010111010 011100001000000 101011001111100 010111110111111 001110011111110 011101110111010 010010000110000 100011001100100
001100011011100 000010001101001 001010111100000 000001100001000 001001110000000 000001100101000 100111000110000 000111100000100 100101000111010 001101101011110 001100101101000 011110010101000 011100000111000 010110100101001 110101100110101 111011100111101 010111101001110 001011001111000 101000100011011 000010010111001
000000000111000 010100111110100 011000111001010 010001011011000 011001010111100 000011010010001 000011000100100 111111100011000 000111000001010 000111010010000 000000000111000 011110000011000 010100000110110 101000001110010 000110111111100 011111011110010 001001010111100 000000001011001 000100010111000 000110000100011
001111011110001 001000101111000 011000111001010 001000011111000 000011101111001 011101111011000 100111100111010 000111100111010 100110010011110 101111010111100 011111000111000 001111010101100 011100000111101 111110110110000 011111101111101 011011111101111 010010111011011 010001000101001 001010100010110 000001010011100
011110001010011 011111111111101 011100000101100 011010000101110 111100000110100 100000110011111 000101100011111 001000100101110 100001000101110 000001111001000 100000111101000 010000110101100 100000000011110 001101000011100 000011011001000 011111000100001 010101000011001 011101001111000 111101111110011 001110110110001
011101010110000 000011110111000 001000111011100 111100111101100 000000010011110 001100000111101 000000000111000 101000000111111 000000011011000 000011000101000 000100110100000 000010011110011 001011110001000 010111100001000 011100100001000 001111000011100 001110000001111 110101100011101 010010110000011 011111010010001
101111111111010 001011011010000 011111111011010 101011001001101 101000100111100 001010010000100 000110010011110 000001110111100 001000011101001 001100010000110 000010011101000 101110111100110 101001000001010 000101101011000 000011000010011 011110101000101 011110010001000 001101011011000 111111110101100 001101101110110
110100110111000 000010110011000 010000110101110 010001011011011 001001110110000 000011001111101 100101110000001 000110110111100 110111010010101 001011000001000 101110000101000 011111101111000 110011010111000 101000000001011 101101101101111 010111111010011 011101001111110 011000000111000 011100000111010 010010001101100
000100010110010 000001001111100 000101011111000 000011100110100 001010000010000 000010101100000 000110100111100 100000100101001 010101000111011 001111000110000 001010000110000 001110111111110 010100010101110 010011001111001 011100001110100 111011101111111 101101110101010 100000000111001 011000000010001 100000000101110
000000100010001 100101111000011 010011111010000 000001011000100 001110101101001 001110110111010 001001011111000 100000111100010 011000110100000 111100111000011 010011000110010 001100011100110 000010000100101 100100111100100 000000111000000 011000111100010 000010011110010 101111110011111 100101110111110 100110111110100
000011001011100 011000001111000 000100110111010 100011111111001 000001010101000 001001100111010 010110100001001 000100100111100 000001100100001 000110001100100 001100000001010 111010001111001 001110001111011 001000000001010 101110011110100 001100110110010 011001111011110 101001001111100 000001010000000 000000100101000
001010001011000 001011100011010 010000111111001 111101111110111 000101111100010 000011011011110 001000100111100 010101111100001 100010110111100 000111011111011 001110000100000 111101101101000 000100001110100 001100010111001 111100111101100 111101101010010 101111111110110 010000000001110 001001001111100 011000001011000
010110011110000 011010101101100 011110110100101 111100000110010 001010110011101 001100100110100 100011000000101 101100000101011 001000000110000 010001000010001 010000001101011 010010110100001 010101100101100 100000000000101 010110101011000 011100000000101 011101100000100 111110000101100 011001101111101 000110110110001
110100101111010 000101111100101 001010111110010 010101011111001 010011011111100 101000110110111 010111100111000 011000110010000 000111010110001 000111010111100 101010000110100 111010101111000 000110010101101 111100010001000 111010111110100 011100010010111 001111000010011 000111000000000 010000001111000 001101000111100
010011011110110 110010011101000 010110110111100 011000000111000 001101000011101 100000000011000 000000100011000 000000100111100 001110001101110 110000010110000 000010101100100 101001101001100 010011100001100 000101101000010 001011001100011 011111100000100 010100011100100 011101000010100 010101110111100 010111111110100
100010010111010 000001011110000 110001001110100 110110011001000 101011110001010 111010110101000 000001100101001 010111100111001 100111000111001 101101011100010 011000100101010 010110100111000 011100000000001 000101110111100 011101111011100 011111100010111 011111111111111 000010100101000 110000000110001 000000000011000
100000001101000 011000110111010 000000110111010 100101001101000 111100010110110 001010110111000 000011101110011 110110101111000 111101110010000 011100110111001 100110101110001 110011000010111 011100101111101 101101000010000 011111001111100 001011111011011 000111110100110 000010101111001 010010011011000 010101110101101
110011010110000 100100110111101 100010101100000 100001010111000 110100110101000 000110010011000 001011000111100 001101101101010 110001101100011 011111001111000 001110000101111 010011001111101 111100000100010 011011000110100 100111111110100 001111001011111 010111111111100 001000000111001 011001010011001 000110010111010
010101001110001 010011001100110 100011011100001 000101111110111 011111001110111 101010110000110 011000110100010 010100111100000 000010111111000 000000101010000 110100100100000 111001011100100 001010100010001 000001101110000 100100101100000 100011111110010 110000000000011 100001111110000 000101111101101 000111111111100
000011010110000 001110111011010 110100010101101 011011000111100 011100000111100 000100101011110 010000011110101 011100100011100 100010001101110 100010100010001 000010111111000 000001001111100 100001000011010 010001000100100 110111000001101 011110010101100 011000000011110 111110110111111 010111111111010 000101111110000
100011111011000 001101011111100 011100110111100 001110001110110 101110110011000 000100101001111 100100001011000 001000000101101 101001011111001 010000011101000 101000110101100 101001110001001 000011011100000 010111010000000 011011000100100 001010000100001 011100000101100 001110000111100 010111010011110 111111011101010
010111001110000 001111101110110 111101111111000 001100100100100 101000001011001 100000000000010 000110010011000 010000101111100 000100001111100 100000111110000 100110101100000 010001111000000 000011110000001 000111100000000 000111100001011 010000010110000 011110000000000 111101011111100 011111110110000 111111100111100
010010101110100 110001001000000 110011111100000 000100011100001 111111111100000 000000110000010 011000111110100 011100111100000 100011110011000 001000111000000 111110101110110 000011100100101 010100110101000 000100111101100 000110110101011 101000001100001 001011111110000 010100111000000 000010100010110 000111110101100
011110101011000 001110111111100 101001111111000 101010100001000 100111010010001 001010011100001 001010001110110 101011000001000 101111110100010 001101001111000 001011111011100 000110000100100 001010000011010 000111100111010 011101010001010 000110000000111 011100001001011 011101101001101 111001111101101 100110010100100
001101111110101 101011111011100 000111100111100 110110000001100 000110100010001 000110000110100 100110011000001 101100000010000 000111111100101 010001110111110 011100110111111 110001101100110 101011000111010 000100010011110 001110011101010 010100000100100 011110000101101 011100001011001 111011101110001 101001111110100
000010011100101 010000110111100 000001011100000 000000111100100 111011011000110 011100111100000 100000111100100 000000011101100 110110111000110 011111101010010 001010111100000 101000001101111 000001011110000 000001011110000 100011001111110 100010100000100 010110101110000 100111001010000 110110100011101 000011101111100
101010111110100 001101010111001 001010111110100 001110000001000 000100001110000 001110000111010 001110110111110 001110100001101 110110111101100 000000111110110 011011111111100 010000011111010 000011001011110 011000010101110 000011000010110 001110000100010 111011000001111 101111100011111 111010110111000 100111101110010
011011111111110 000110110110000 001111011100100 011110001101000 000100101100000 011110100110101 100100100000000 001110100001000 001011111010111 001111011101000 000111111001100 110001000011100 010101101011010 010001111001100 101110000001010 111110001010110 111010010010110 010111111111110 011011101011000 000111111111000
011011110111101 101111100011100 010100110011101 001100101001100 011110001000001 101010100100100 101010011001000 001100000000001 001111111110000 001110101111000 111110000111100 000010001101101 100011000001110 000011000101110 001111001001111 011111100100110 001001001011001 001110101110001 011101011111100 101010011101101
101011110101000 111111100111100 010110001110000 011111010011111 011000000010000 001110100011000 001110000010010 101100010000011 011011110110101 001011111011100 001111111100100 001000100111000 000000000001110 001110100101010 101100010001100 001110010101101 011110001001100 010011110111100 011110110001100 011101011110000
010110100111000 010010011100010 100111101010110 100110000001111 011100011010100 000001010111101 000010000001000 110010000101100 110000001010101 000100110100011 001001101111000 000011001101110 000001011111101 000011010101110 001110101001100 101111011001110 011101000011110 001111111010111 001100111101111 001111011110101
000101100011001 101011110111010 001101110001000 001110101010111 110011000111110 101010100111101 010011001010100 101010110001110 100010000011001 001010111111101 000001011110100 010000101110001 000100000110100 000110000000011 001010111011100 011010010001011 011110100010110 101111001011101 101001110011010 001111111010000
001011111001010 001000110011100 010101100111011 011110000000100 001001000101001 001110000000000 010110011100001 001111010000010 001110001101100 001111101110000 001111111101100 000000110101110 101001001111110 111110001001010 101110000001110 111111100101010 011111001011010 111111011100101 011011111100000 001000010100111
110011111101100 100110110011100 101110011100100 011100000001101 011010101010010 100110100101100 011111100000011 111011001001110 101011111100110 001101101101101 001001101001100 100000000111100 000101000001011 010000000010110 001111001001111 110111000001110 111000000010100 011101111101001 011110011110011 011110111110001
000101110001000 010001111100011 010010010001111 001001111001010 001111100100110 001111111100101 110000110110000 100000001100010 110100110001000 000000011101101 011001011110101 100110101100000 001110111100000 011001011001000 000000100100000 000110111100000 001000110101011 001011111111000 001100111010111 000111111101001
000110110111011 101001110110000 001010100111100 000110000011101 001100011100000 111111010010110 010101101010100 011100100100001 100001011101101 100000100100010 011110011111000 010000101011000 000010100010100 101110000000001 000000010000100 011110010100000 111110100001110 011101010011110 010110111011010 010011111111000
100110011110010 011110001111101 101101110111010 101111000011100 001110001001000 010111000000101 000000001101010 000100001000101 110110001100000 011101111000100 000001111111100 000100110001100 100100000010100 110001100000100 000110000010011 010001000000110 111101000001010 110111011110110 011101111110000 101011011100001
000010111111001 000000000110001 010110100101111 111100000011001 000100000000010 000001101001100 000000010110101 100001010010100 100000000111101 001100011110001 000010000111000 000010101111000 100100010011010 000101010000111 000111000001000 011000101001000 010100101010111 011111101101110 000011011111100 111011111111000
001111011011101 000010101011000 011100111001100 001110000111101 001110010100001 001111100100010 000100011001101 011010000100001 011111101110100 000001101011110 010111011111110 001010110101010 101110000110101 001111100001100 011011011000110 011100010001010 010000010010000 011011110111100 011101001001000 000110111110100
011101101111110 100111101111111 001011001111001 001010000001100 101110100001010 001100000010010 111111001000000 100110101010111 101111101110000 101111101101111 001110111111010 000010100111100 000000000001110 110000100000100 001110000001111 011110011000101 011000011111110 001110111111000 011000110110101 101001110010010
011101011110100 010111100011001 001101111111100 001110110010110 111110001010010 101010111000111 001100100101010 000110001110101 001011111011011 000100011111001 001110111111100 010000010001000 011001001110110 001000000011110 001110001000111 001111001011011 010100100000010 111110000110100 101101011001001 101101011010000
011111011110010 100111011011000 011010001001000 011000010011000 001110100101110 010100000111100 000100010001000 011100110011000 010101011011010 000010110010101 100000000111010 010100011111100 100110000001011 100001101111110 000111001111110 011111100110110 111111000110110 010111111101101 001011111110010 101111010110010
010001110100010 100101111110101 100010101100100 010111111000100 001110101100100 001110111100000 001100101100101 101001111101000 100000001010010 000100111100000 000000101001100 010001111100000 100101111100110 100110101110001 001110100110001 001011111100001 001001111111001 001011000010000 100110011101001 000100010111010
001010011101001 001100101101100 001111110000101 001010000010100 001110000010001 111111100000101 001110110000100 100111000010001 100011100100101 100111110000110 001110101111110 000010000011100 000000000111000 001000000111100 000000010001010 011111111001110 001100011011110 010011100111111 011011010001101 001101110000010
101110101110001 011010000110010 011111101101111 001110000101100 010100000111100 011111010010100 000000010111100 011001000111100 001100000111001 000010011101000 110000111100000 100000001011100 010100011011110 000010100100101 000101000001110 110111000100100 011100000011010 011010111011110 011000111110010 000010111110100
000101011110000 001111111001100 011110111100101 100101110110000 001101001000100 000101100011001 100001010011110 000110100101100 000000100111011 110010111110000 000010001010000 100000001111010 100000000000110 001010001000010 011010000001110 000011001001110 011111100001110 001111100001100 110111101011100 111001111110000
010000111100001 001011011000100 000010101101001 011111011100100 011010101110000 101100111101010 000101110100100 000010011000101 010000111100000 000011111101010 101010010011010 000100001010011 100000111010000 001100111110000 000100101011110 000010111100001 110000101010100 000101101110001 100100111111100 010011111100110
001110101011101 011111100101111 000011101001100 001100100011110 110010000010100 101110101010000 110111101000010 000000010010100 000110111111000 001011001011000 011100111101001 000001110110001 101100000010101 101000000011010 001110111110110 111110001001110 001000010011010 010111010111110 011101111110100 000111110110000
001001010101001 101100101110000 000011011000000 100010110100000 001101011010010 001110100100010 101000101100010 100001110010100 000110101000000 011000000000101 100111101000011 001001110100000 000011111000100 010001111101000 010010100100001 100101111011000 110000111001000 111001011111000 000111010110101 010010100111110
010110111110100 001010111111000 010011110111101 000110000001100 011011100100000 011000001010001 101000100001010 001010000001000 001100110100100 111111111101100 101110110111110 101110010011110 101000001110111 110101000001010 001100000101010 000100000001100 010101110111000 010000111000000 011010110110000 001111111011010
010001001010001 001000111011011 011011001110100 011010111111010 000001010010100 000001101011101 111001000011000 011001010010100 000010101010001 010100011011010 110010101100001 010101111000000 000001111100000 001101100000010 101010100101000 011010010000110 011110000001110 111110000010101 011111111110100 011101111011100
000111100111000 101101110100101 101011110100001 100111110110001 000011001011001 001110100000010 001010111110000 101110010000111 011110011111001 011010011111001 001010010100011 110001000110000 011100001111110 110100110001100 001011100001111 011010011101010 010001100010100 111111101101111 111010110110000 111110010110001
001100101110100 001100100000000 001111111111001 111001100100000 001000101000000 101010011000000 001100110001011 000100010000000 001001110000001 001011111010010 001111111101101 110110000100110 000000100110110 000000000110000 001101001011111 011111001001101 011100001010100 111110011111000 010101101111000 100111101101010
001000110111100 000011110011000 110010100110101 100100100110100 000111100110000 001111101011010 000100110100010 000000101100000 010000111000000 010001100100000 101000111111011 100000110011010 010011101110011 100100101100100 000100111000000 100001011000000 100010011100111 000001101011110 001011001011101 000101110011100
101101011001100 001010111001100 110101101111100 001000000000010 011111001000010 011110100001000 001110100000001 001100000100101 011111101000000 100110111101100 101111101111101 110000100011100 001001011010110 011001000001001 100111110000101 111011110001110 011101101010010 110101111010110 010001011101001 011111011110100
001111001011001 010101111010001 101111110111100 101110000011000 001101000011011 011010100101000 000110000000010 001111010000010 001001111010000 000111111101000 100111110110001 000110010111100 101110011101110 000010101001110 000110000001000 111110010111110 100001000011000 110111011001110 000001111110010 000010111101011
001000100110100 000001011100100 110011110111000 000001111110000 101110011111010 001110101110000 000100100100011 000000111000000 010001101101000 000010101110010 110001101101000 000000111100011 001010100000100 000000100001110 100000110000001 001000001101100 011001110100000 100000110000001 000110011011011 010111100111100
010101000111000 010010110100100 011101011000110 011100000101001 011101000011111 110111011010010 010100000011110 001100010010110 110010001011011 100000011010110 000000101010100 100001000010100 000001010010010 000001100000000 001111010010010 001100000101110 111110000111100 011100110101100 100111010011010 101110111111100
000011011101110 001011001011010 011110010100001 000010000111010 011000000100000 010001101001101 000000100011100 011000000101100 011001001110100 001011001110100 000110011010101 000001010001000 010110100101100 001111100100000 001111001100001 100000000000010 101100101111000 111101010011110 111111011101010 111111000111110
010111100110000 001101111100100 010111110100010 001110000011110 001100000001010 001001011110110 000010000011110 010000011100101 011101100001101 001000111100000 011000111011100 000100001111100 001000000011110 100010010001100 100110101000101 001110101001110 011101010011100 010111111111110 011000101111000 101110101010010
000011011100010 100101101101100 000111111101010 111110000111100 101100000011111 001100000000001 000100101010110 000001001011100 000110000100011 111000110101101 010111001010010 100000111111101 110101001001110 100000011000110 101111001001000 010110000000101 011100100010011 010011101111010 111011011100000 010110111110000
101011111010100 001001101110011 001111010010100 101110110101111 000011001111011 011101000011100 100001000111010 101101100010100 000011001111000 001000011111100 010101110110011 100000001001101 000011001001100 011100101001001 000101001100010 111100101100011 001100000001001 011100000010000 011011110001100 111101111011000
110011001110011 010011111010010 010000100111101 000111010100010 101101001100000 000110000011000 001010100011101 100100000011101 011010101110010 000001000100100 010011111111100 010100010110101 101000100001000 010000010010110 101111001101110 010110000101100 010100000011000 011111110101010 101111111111000 101111011111000
010001111111100 011111111111100 001101110111001 011110110001101 001011100010010 000100001000110 001111110010000 000101000000111 011110111100101 111111000010110 001111110111100 011000000110101 000000000111000 110000100000001 000010010001110 111000100001110 111101000001010 110110110111000 011010111111000 001110101100000